  0 [125269879] - Current cell
  1 [125269879]
  2 [125269879]
  3 [125269879]
  4 [125269879]
  5 [125269879]
  6 [125269879]
  7 [125269879]
-----End of the current print-----
  0 [125269879] - Current cell
  1 [125269879]
  2 [125269879]
  3 [125269879]
  4 [125269879]
  5 [125269879]
  6 [125269879]
  7 [125269879]
  8 [125269879]
  9 [125269879]
-----End of the current print-----
  0 [125269879] - Current cell
  1 [125269879]
  2 [125269879]
  3 [125269879]
  4 [125269879]
  5 [125269879]
  6 [125269879]
-----End of the current print-----
  0 [125269879] - Current cell
  1 [125269879]
  2 [125269879]
  3 [125269879]
  4 [125269879]
  5 [125269879]
  6 [125269879]
  7 [125269879]
  8 [125269879]
  9 [125269879]
 10 [125269879]
-----End of the current print-----
  0 [125269879] - Current cell
  1 [125269879]
  2 [125269879]
  3 [125269879]
  4 [125269879]
  5 [125269879]
  6 [125269879]
  7 [125269879]
  8 [125269879]
-----End of the current print-----
  0 [125269879] - Current cell
  1 [125269879]
-----End of the current print-----
  0 [125269879] - Current cell
  1 [125269879]
-----End of the current print-----
  0 [125269879] - Current cell
  1 [125269879]
  2 [125269879]
  3 [125269879]
  4 [125269879]
  5 [125269879]
  6 [125269879]
  7 [125269879]
  8 [125269879]
  9 [125269879]
 10 [125269879]
 11 [125269879]
 12 [125269879]
 13 [125269879]
 14 [125269879]
 15 [125269879]
 16 [125269879]
 17 [125269879]
 18 [125269879]
 19 [125269879]
 20 [125269879]
 21 [125269879]
 22 [125269879]
 23 [125269879]
 24 [125269879]
 25 [125269879]
 26 [125269879]
 27 [125269879]
 28 [125269879]
 29 [125269879]
 30 [125269879]
 31 [125269879]
 32 [125269879]
 33 [125269879]
 34 [125269879]
 35 [125269879]
 36 [125269879]
 37 [125269879]
 38 [125269879]
 39 [125269879]
 40 [125269879]
 41 [125269879]
 42 [125269879]
 43 [125269879]
 44 [125269879]
 45 [125269879]
-----End of the current print-----
  0 [125269879] - Current cell
  1 [125269879]
  2 [125269879]
  3 [125269879]
  4 [125269879]
  5 [125269879]
  6 [125269879]
  7 [125269879]
  8 [125269879]
  9 [125269879]
 10 [125269879]
 11 [125269879]
 12 [125269879]
-----End of the current print-----
  0 [125269879] - Current cell
  1 [125269879]
  2 [125269879]
  3 [125269879]
  4 [125269879]
  5 [125269879]
  6 [125269879]
  7 [125269879]
  8 [125269879]
  9 [125269879]
 10 [125269879]
 11 [125269879]
-----End of the current print-----
  0 [125269879] - Current cell
  1 [125269879]
  2 [125269879]
  3 [125269879]
  4 [125269879]
  5 [125269879]
  6 [125269879]
  7 [125269879]
  8 [125269879]
-----End of the current print-----
  0 [125269879] - Current cell
  1 [125269879]
  2 [125269879]
  3 [125269879]
  4 [125269879]
  5 [125269879]
  6 [125269879]
-----End of the current print-----
  0 [125269879] - Current cell
  1 [125269879]
  2 [125269879]
  3 [125269879]
  4 [125269879]
  5 [125269879]
  6 [125269879]
  7 [125269879]
-----End of the current print-----
  0 [125269879] - Current cell
  1 [125269879]
  2 [125269879]
  3 [125269879]
  4 [125269879]
  5 [125269879]
  6 [125269879]
  7 [125269879]
-----End of the current print-----
  0 [72000]
  1 [125269879] - Current cell
  2 [125269879]
  3 [125269879]
  4 [125269879]
  5 [125269879]
  6 [125269879]
  7 [125269879]
-----End of the current print-----
  0 [100]
  1 [700]
  2 [700]
  3 [600]
  4 [600]
  5 [500]
  6 [500]
  7 [400]
  8 [400]
  9 [300]
 10 [300]
 11 [200]
 12 [200]
 13 [125269879] - Current cell
 14 [125269879]
 15 [125269879]
-----End of the current print-----
  0 [100]
  1 [700]
  2 [700]
  3 [600]
  4 [600]
  5 [500]
  6 [500]
  7 [400]
  8 [400]
  9 [300]
 10 [300]
 11 [200]
 12 [200]
 13 [125269879] - Current cell
 14 [125269879]
 15 [125269879]
-----End of the current print-----
  0 [125269879] - Current cell
  1 [125269879]
  2 [125269879]
  3 [125269879]
  4 [125269879]
  5 [125269879]
  6 [125269879]
  7 [125269879]
-----End of the current print-----
  0 [125269879] - Current cell
  1 [125269879]
  2 [125269879]
  3 [125269879]
  4 [125269879]
  5 [125269879]
  6 [125269879]
  7 [125269879]
  8 [125269879]
  9 [125269879]
-----End of the current print-----
